2 2 2 2 3
100 24 0.05 0.005 150 22 0 0 0 0 0 0 0 0 0 0 0 0 0 0 
150 23 0.04 0.004 150 22 0 0 0 0 0 0 0 0 0 0 0 0 0 0 
50 120 13.8 0.05 0.005 100 115 13.225 0 0 0 0 0 0 0 0 0 0 0 0 
70 125 13 0.04 0.004 100 115 11.96 0 0 0 0 0 0 0 0 0 0 0 0 
80 20 100 120 0 0 0 0 0 0 0 0 0 0 0 0 0 0 0 0 
40 10 100 120 0 0 0 0 0 0 0 0 0 0 0 0 0 0 0 0 
50 6.9 0.02 0.002 30 6 0 0 0 0 0 0 0 0 0 0 0 0 0 0 
30 6.7 0.05 0.005 30 6 0 0 0 0 0 0 0 0 0 0 0 0 0 0 
80 60 24 100 24 0 0 0 0 0 0 0 0 0 0 0 0 0 0 0 
40 30 30 100 24 0 0 0 0 0 0 0 0 0 0 0 0 0 0 0 
40 30 30 100 24 0 0 0 0 0 0 0 0 0 0 0 0 0 0 0 
