2 6 3 0 1 
20 13.2 0.15 0 50 13.8 0 0 0 0 0 0 0 0 0 0 0 0 0 0 
20 13.2 0.2 0 50 13.8 0 0 0 0 0 0 0 0 0 0 0 0 0 0 
20 138 13.8 0.1 0 50 138 13.8 0 0 0 0 0 0 0 0 0 0 0 0 
20 138 13.8 0.1 0 50 138 13.8 0 0 0 0 0 0 0 0 0 0 0 0 
20 138 13.8 0.1 0 50 138 13.8 0 0 0 0 0 0 0 0 0 0 0 0 
20 138 13.8 0.1 0 50 138 13.8 0 0 0 0 0 0 0 0 0 0 0 0 
15 138 6.9 0.08 0 50 138 6.9 0 0 0 0 0 0 0 0 0 0 0 0 
15 138 6.9 0.08 0 50 138 6.9 0 0 0 0 0 0 0 0 0 0 0 0 
40 0 50 138 0 0 0 0 0 0 0 0 0 0 0 0 0 0 0 0 
20 0 50 138 0 0 0 0 0 0 0 0 0 0 0 0 0 0 0 0 
25 0 50 138 0 0 0 0 0 0 0 0 0 0 0 0 0 0 0 0 
24 18 6.6 50 6.9 0 0 0 0 0 0 0 0 0 0 0 0 0 0 0 
